Filename,Page,Side,Label
049_fob.tif,fob,,Front outside binding
049_fib.tif,fib,,Front inside binding
049_a_R.tif,a,R,f. a R
049_a_V.tif,a,V,f. a V
049_b_R.tif,b,R,f. b R
049_b_V.tif,b,V,f. b V
049_i_R.tif,i,R,f. i R
049_i_V.tif,i,V,f. i V
049_ii_R.tif,ii,R,f. ii R
049_ii_V.tif,ii,V,f. ii V
049_iii_R.tif,iii,R,f. iii R
049_iii_V.tif,iii,V,f. iii V
049_iv_R.tif,iv,R,f. iv R
049_iv_V.tif,iv,V,f. iv V
049_1_R.tif,1,R,f. 1 R
049_1_V.tif,1,V,f. 1 V
049_2_R.tif,2,R,f. 2 R
049_2_V.tif,2,V,f. 2 V
049_3_R.tif,3,R,f. 3 R
049_3_V.tif,3,V,f. 3 V
049_4_R.tif,4,R,f. 4 R
049_4_V.tif,4,V,f. 4 V
049_5_R.tif,5,R,f. 5 R
049_5_V.tif,5,V,f. 5 V
049_6_R.tif,6,R,f. 6 R
049_6_V.tif,6,V,f. 6 V
049_7_R.tif,7,R,f. 7 R
049_7_V.tif,7,V,f. 7 V
049_8_R.tif,8,R,f. 8 R
049_8_V.tif,8,V,f. 8 V
049_9_R.tif,9,R,f. 9 R
049_9_V.tif,9,V,f. 9 V
049_10_R.tif,10,R,f. 10 R
049_10_V.tif,10,V,f. 10 V
049_11_R.tif,11,R,f. 11 R
049_11_V.tif,11,V,f. 11 V
049_12_R.tif,12,R,f. 12 R
049_12_V.tif,12,V,f. 12 V
049_13_R.tif,13,R,f. 13 R
049_13_V.tif,13,V,f. 13 V
049_14_R.tif,14,R,f. 14 R
049_14_V.tif,14,V,f. 14 V
049_15_R.tif,15,R,f. 15 R
049_15_V.tif,15,V,f. 15 V
049_16_R.tif,16,R,f. 16 R
049_16_V.tif,16,V,f. 16 V
049_17_R.tif,17,R,f. 17 R
049_17_V.tif,17,V,f. 17 V
049_18_R.tif,18,R,f. 18 R
049_18_V.tif,18,V,f. 18 V
049_19_R.tif,19,R,f. 19 R
049_19_V.tif,19,V,f. 19 V
049_20_R.tif,20,R,f. 20 R
049_20_V.tif,20,V,f. 20 V
049_21_R.tif,21,R,f. 21 R
049_21_V.tif,21,V,f. 21 V
049_22_R.tif,22,R,f. 22 R
049_22_V.tif,22,V,f. 22 V
049_23_R.tif,23,R,f. 23 R
049_23_V.tif,23,V,f. 23 V
049_24_R.tif,24,R,f. 24 R
049_24_V.tif,24,V,f. 24 V
049_25_R.tif,25,R,f. 25 R
049_25_V.tif,25,V,f. 25 V
049_26_R.tif,26,R,f. 26 R
049_26_V.tif,26,V,f. 26 V
049_27_R.tif,27,R,f. 27 R
049_27_V.tif,27,V,f. 27 V
049_28_R.tif,28,R,f. 28 R
049_28_V.tif,28,V,f. 28 V
049_29_R.tif,29,R,f. 29 R
049_29_V.tif,29,V,f. 29 V
049_30_R.tif,30,R,f. 30 R
049_30_V.tif,30,V,f. 30 V
049_31_R.tif,31,R,f. 31 R
049_31_V.tif,31,V,f. 31 V
049_32_R.tif,32,R,f. 32 R
049_32_V.tif,32,V,f. 32 V
049_33_R.tif,33,R,f. 33 R
049_33_V.tif,33,V,f. 33 V
049_34_R.tif,34,R,f. 34 R
049_34_V.tif,34,V,f. 34 V
049_35_R.tif,35,R,f. 35 R
049_35_V.tif,35,V,f. 35 V
049_36_R.tif,36,R,f. 36 R
049_36_V.tif,36,V,f. 36 V
049_37_R.tif,37,R,f. 37 R
049_37_V.tif,37,V,f. 37 V
049_38_R.tif,38,R,f. 38 R
049_38_V.tif,38,V,f. 38 V
049_39_R.tif,39,R,f. 39 R
049_39_V.tif,39,V,f. 39 V
049_40_R.tif,40,R,f. 40 R
049_40_V.tif,40,V,f. 40 V
049_41_R.tif,41,R,f. 41 R
049_41_V.tif,41,V,f. 41 V
049_42_R.tif,42,R,f. 42 R
049_42_V.tif,42,V,f. 42 V
049_43_R.tif,43,R,f. 43 R
049_43_V.tif,43,V,f. 43 V
049_44_R.tif,44,R,f. 44 R
049_44_V.tif,44,V,f. 44 V
049_45_R.tif,45,R,f. 45 R
049_45_V.tif,45,V,f. 45 V
049_46_R.tif,46,R,f. 46 R
049_46_V.tif,46,V,f. 46 V
049_47_R.tif,47,R,f. 47 R
049_47_V.tif,47,V,f. 47 V
049_48_R.tif,48,R,f. 48 R
049_48_V.tif,48,V,f. 48 V
049_49_R.tif,49,R,f. 49 R
049_49_V.tif,49,V,f. 49 V
049_50_R.tif,50,R,f. 50 R
049_50_V.tif,50,V,f. 50 V
049_51_R.tif,51,R,f. 51 R
049_51_V.tif,51,V,f. 51 V
049_52_R.tif,52,R,f. 52 R
049_52_V.tif,52,V,f. 52 V
049_53_R.tif,53,R,f. 53 R
049_53_V.tif,53,V,f. 53 V
049_54_R.tif,54,R,f. 54 R
049_54_V.tif,54,V,f. 54 V
049_55_R.tif,55,R,f. 55 R
049_55_V.tif,55,V,f. 55 V
049_56_R.tif,56,R,f. 56 R
049_56_V.tif,56,V,f. 56 V
049_57_R.tif,57,R,f. 57 R
049_57_V.tif,57,V,f. 57 V
049_58_R.tif,58,R,f. 58 R
049_58_V.tif,58,V,f. 58 V
049_59_R.tif,59,R,f. 59 R
049_59_V.tif,59,V,f. 59 V
049_60_R.tif,60,R,f. 60 R
049_60_V.tif,60,V,f. 60 V
049_61_R.tif,61,R,f. 61 R
049_61_V.tif,61,V,f. 61 V
049_62_R.tif,62,R,f. 62 R
049_62_V.tif,62,V,f. 62 V
049_63_R.tif,63,R,f. 63 R
049_63_V.tif,63,V,f. 63 V
049_64_R.tif,64,R,f. 64 R
049_64_V.tif,64,V,f. 64 V
049_65_R.tif,65,R,f. 65 R
049_65_V.tif,65,V,f. 65 V
049_66_R.tif,66,R,f. 66 R
049_66_V.tif,66,V,f. 66 V
049_67_R.tif,67,R,f. 67 R
049_67_V.tif,67,V,f. 67 V
049_68_R.tif,68,R,f. 68 R
049_68_V.tif,68,V,f. 68 V
049_69_R.tif,69,R,f. 69 R
049_69_V.tif,69,V,f. 69 V
049_70_R.tif,70,R,f. 70 R
049_70_V.tif,70,V,f. 70 V
049_71_R.tif,71,R,f. 71 R
049_71_V.tif,71,V,f. 71 V
049_72_R.tif,72,R,f. 72 R
049_72_V.tif,72,V,f. 72 V
049_73_R.tif,73,R,f. 73 R
049_73_V.tif,73,V,f. 73 V
049_74_R.tif,74,R,f. 74 R
049_74_V.tif,74,V,f. 74 V
049_75_R.tif,75,R,f. 75 R
049_75_V.tif,75,V,f. 75 V
049_76_R.tif,76,R,f. 76 R
049_76_V.tif,76,V,f. 76 V
049_77_R.tif,77,R,f. 77 R
049_77_V.tif,77,V,f. 77 V
049_78_R.tif,78,R,f. 78 R
049_78_V.tif,78,V,f. 78 V
049_79_R.tif,79,R,f. 79 R
049_79_V.tif,79,V,f. 79 V
049_80_R.tif,80,R,f. 80 R
049_80_V.tif,80,V,f. 80 V
049_81_R.tif,81,R,f. 81 R
049_81_V.tif,81,V,f. 81 V
049_82_R.tif,82,R,f. 82 R
049_82_V.tif,82,V,f. 82 V
049_83_R.tif,83,R,f. 83 R
049_83_V.tif,83,V,f. 83 V
049_84_R.tif,84,R,f. 84 R
049_84_V.tif,84,V,f. 84 V
049_85_R.tif,85,R,f. 85 R
049_85_V.tif,85,V,f. 85 V
049_86_R.tif,86,R,f. 86 R
049_86_V.tif,86,V,f. 86 V
049_87_R.tif,87,R,f. 87 R
049_87_V.tif,87,V,f. 87 V
049_88_R.tif,88,R,f. 88 R
049_88_V.tif,88,V,f. 88 V
049_89_R.tif,89,R,f. 89 R
049_89_V.tif,89,V,f. 89 V
049_90_R.tif,90,R,f. 90 R
049_90_V.tif,90,V,f. 90 V
049_91_R.tif,91,R,f. 91 R
049_91_V.tif,91,V,f. 91 V
049_92_R.tif,92,R,f. 92 R
049_92_V.tif,92,V,f. 92 V
049_93_R.tif,93,R,f. 93 R
049_93_V.tif,93,V,f. 93 V
049_94_R.tif,94,R,f. 94 R
049_94_V.tif,94,V,f. 94 V
049_95_R.tif,95,R,f. 95 R
049_95_V.tif,95,V,f. 95 V
049_96_R.tif,96,R,f. 96 R
049_96_V.tif,96,V,f. 96 V
049_97_R.tif,97,R,f. 97 R
049_97_V.tif,97,V,f. 97 V
049_98_R.tif,98,R,f. 98 R
049_98_V.tif,98,V,f. 98 V
049_99_R.tif,99,R,f. 99 R
049_99_V.tif,99,V,f. 99 V
049_100_R.tif,100,R,f. 100 R
049_100_V.tif,100,V,f. 100 V
049_101_R.tif,101,R,f. 101 R
049_101_V.tif,101,V,f. 101 V
049_102_R.tif,102,R,f. 102 R
049_102_V.tif,102,V,f. 102 V
049_103_R.tif,103,R,f. 103 R
049_103_V.tif,103,V,f. 103 V
049_104_R.tif,104,R,f. 104 R
049_104_V.tif,104,V,f. 104 V
049_105_R.tif,105,R,f. 105 R
049_105_V.tif,105,V,f. 105 V
049_106_R.tif,106,R,f. 106 R
049_106_V.tif,106,V,f. 106 V
049_107_R.tif,107,R,f. 107 R
049_107_V.tif,107,V,f. 107 V
049_108_R.tif,108,R,f. 108 R
049_108_V.tif,108,V,f. 108 V
049_109_R.tif,109,R,f. 109 R
049_109_V.tif,109,V,f. 109 V
049_110_R.tif,110,R,f. 110 R
049_110_V.tif,110,V,f. 110 V
049_111_R.tif,111,R,f. 111 R
049_111_V.tif,111,V,f. 111 V
049_112_R.tif,112,R,f. 112 R
049_112_V.tif,112,V,f. 112 V
049_113_R.tif,113,R,f. 113 R
049_113_V.tif,113,V,f. 113 V
049_114_R.tif,114,R,f. 114 R
049_114_V.tif,114,V,f. 114 V
049_115_R.tif,115,R,f. 115 R
049_115_V.tif,115,V,f. 115 V
049_116_R.tif,116,R,f. 116 R
049_116_V.tif,116,V,f. 116 V
049_117_R.tif,117,R,f. 117 R
049_117_V.tif,117,V,f. 117 V
049_118_R.tif,118,R,f. 118 R
049_118_V.tif,118,V,f. 118 V
049_119_R.tif,119,R,f. 119 R
049_119_V.tif,119,V,f. 119 V
049_BKMK1_A.tif,BKMK1 A,,p. BKMK1 A
049_BKMK1_B.tif,BKMK1 B,,p. BKMK1 B
049_BKMK1_C.tif,BKMK1 C,,p. BKMK1 C
049_BKMK1_D.tif,BKMK1 D,,p. BKMK1 D
049_120_R.tif,120,R,f. 120 R
049_120_V.tif,120,V,f. 120 V
049_121_R.tif,121,R,f. 121 R
049_121_V.tif,121,V,f. 121 V
049_122_R.tif,122,R,f. 122 R
049_122_V.tif,122,V,f. 122 V
049_123_R.tif,123,R,f. 123 R
049_123_V.tif,123,V,f. 123 V
049_124_R.tif,124,R,f. 124 R
049_124_V.tif,124,V,f. 124 V
049_125_R.tif,125,R,f. 125 R
049_125_V.tif,125,V,f. 125 V
049_126_R.tif,126,R,f. 126 R
049_126_V.tif,126,V,f. 126 V
049_127_R.tif,127,R,f. 127 R
049_127_V.tif,127,V,f. 127 V
049_128_R.tif,128,R,f. 128 R
049_128_V.tif,128,V,f. 128 V
049_129_R.tif,129,R,f. 129 R
049_129_V.tif,129,V,f. 129 V
049_130_R.tif,130,R,f. 130 R
049_130_V.tif,130,V,f. 130 V
049_131_R.tif,131,R,f. 131 R
049_131_V.tif,131,V,f. 131 V
049_132_R.tif,132,R,f. 132 R
049_132_V.tif,132,V,f. 132 V
049_133_R.tif,133,R,f. 133 R
049_133_V.tif,133,V,f. 133 V
049_134_R.tif,134,R,f. 134 R
049_134_V.tif,134,V,f. 134 V
049_135_R.tif,135,R,f. 135 R
049_135_V.tif,135,V,f. 135 V
049_136_R.tif,136,R,f. 136 R
049_136_V.tif,136,V,f. 136 V
049_137_R.tif,137,R,f. 137 R
049_137_V.tif,137,V,f. 137 V
049_138_R.tif,138,R,f. 138 R
049_138_V.tif,138,V,f. 138 V
049_139_R.tif,139,R,f. 139 R
049_139_V.tif,139,V,f. 139 V
049_140_R.tif,140,R,f. 140 R
049_140_V.tif,140,V,f. 140 V
049_141_R.tif,141,R,f. 141 R
049_141_V.tif,141,V,f. 141 V
049_142_R.tif,142,R,f. 142 R
049_142_V.tif,142,V,f. 142 V
049_143_R.tif,143,R,f. 143 R
049_143_V.tif,143,V,f. 143 V
049_144_R.tif,144,R,f. 144 R
049_144_V.tif,144,V,f. 144 V
049_145_R.tif,145,R,f. 145 R
049_145_V.tif,145,V,f. 145 V
049_146_R.tif,146,R,f. 146 R
049_146_V.tif,146,V,f. 146 V
049_147_R.tif,147,R,f. 147 R
049_147_V.tif,147,V,f. 147 V
049_148_R.tif,148,R,f. 148 R
049_148_V.tif,148,V,f. 148 V
049_149_R.tif,149,R,f. 149 R
049_149_V.tif,149,V,f. 149 V
049_150_R.tif,150,R,f. 150 R
049_150_V.tif,150,V,f. 150 V
049_151_R.tif,151,R,f. 151 R
049_151_V.tif,151,V,f. 151 V
049_152_R.tif,152,R,f. 152 R
049_152_V.tif,152,V,f. 152 V
049_153_R.tif,153,R,f. 153 R
049_153_V.tif,153,V,f. 153 V
049_154_R.tif,154,R,f. 154 R
049_154_V.tif,154,V,f. 154 V
049_155_R.tif,155,R,f. 155 R
049_155_V.tif,155,V,f. 155 V
049_156_R.tif,156,R,f. 156 R
049_156_V.tif,156,V,f. 156 V
049_157_R.tif,157,R,f. 157 R
049_157_V.tif,157,V,f. 157 V
049_158_R.tif,158,R,f. 158 R
049_158_V.tif,158,V,f. 158 V
049_159_R.tif,159,R,f. 159 R
049_159_V.tif,159,V,f. 159 V
049_160_R.tif,160,R,f. 160 R
049_160_V.tif,160,V,f. 160 V
049_161_R.tif,161,R,f. 161 R
049_161_V.tif,161,V,f. 161 V
049_162_R.tif,162,R,f. 162 R
049_162_V.tif,162,V,f. 162 V
049_163_R.tif,163,R,f. 163 R
049_163_V.tif,163,V,f. 163 V
049_164_R.tif,164,R,f. 164 R
049_164_V.tif,164,V,f. 164 V
049_165_R.tif,165,R,f. 165 R
049_165_V.tif,165,V,f. 165 V
049_166_R.tif,166,R,f. 166 R
049_166_V.tif,166,V,f. 166 V
049_167_R.tif,167,R,f. 167 R
049_167_V.tif,167,V,f. 167 V
049_168_R.tif,168,R,f. 168 R
049_168_V.tif,168,V,f. 168 V
049_169_R.tif,169,R,f. 169 R
049_169_V.tif,169,V,f. 169 V
049_170_R.tif,170,R,f. 170 R
049_170_V.tif,170,V,f. 170 V
049_171_R.tif,171,R,f. 171 R
049_171_V.tif,171,V,f. 171 V
049_172_R.tif,172,R,f. 172 R
049_172_V.tif,172,V,f. 172 V
049_173_R.tif,173,R,f. 173 R
049_173_V.tif,173,V,f. 173 V
049_174_R.tif,174,R,f. 174 R
049_174_V.tif,174,V,f. 174 V
049_175_R.tif,175,R,f. 175 R
049_175_V.tif,175,V,f. 175 V
049_176_R.tif,176,R,f. 176 R
049_176_V.tif,176,V,f. 176 V
049_177_R.tif,177,R,f. 177 R
049_177_V.tif,177,V,f. 177 V
049_178_R.tif,178,R,f. 178 R
049_178_V.tif,178,V,f. 178 V
049_179_R.tif,179,R,f. 179 R
049_179_V.tif,179,V,f. 179 V
049_180_R.tif,180,R,f. 180 R
049_180_V.tif,180,V,f. 180 V
049_181_R.tif,181,R,f. 181 R
049_181_V.tif,181,V,f. 181 V
049_182_R.tif,182,R,f. 182 R
049_182_V.tif,182,V,f. 182 V
049_183_R.tif,183,R,f. 183 R
049_183_V.tif,183,V,f. 183 V
049_184_R.tif,184,R,f. 184 R
049_184_V.tif,184,V,f. 184 V
049_185_R.tif,185,R,f. 185 R
049_185_V.tif,185,V,f. 185 V
049_186_R.tif,186,R,f. 186 R
049_186_V.tif,186,V,f. 186 V
049_187_R.tif,187,R,f. 187 R
049_187_V.tif,187,V,f. 187 V
049_188_R.tif,188,R,f. 188 R
049_188_V.tif,188,V,f. 188 V
049_189_R.tif,189,R,f. 189 R
049_189_V.tif,189,V,f. 189 V
049_190_R.tif,190,R,f. 190 R
049_190_V.tif,190,V,f. 190 V
049_191_R.tif,191,R,f. 191 R
049_191_V.tif,191,V,f. 191 V
049_192_R.tif,192,R,f. 192 R
049_192_V.tif,192,V,f. 192 V
049_193_R.tif,193,R,f. 193 R
049_193_V.tif,193,V,f. 193 V
049_194_R.tif,194,R,f. 194 R
049_194_V.tif,194,V,f. 194 V
049_195_R.tif,195,R,f. 195 R
049_195_V.tif,195,V,f. 195 V
049_196_R.tif,196,R,f. 196 R
049_196_V.tif,196,V,f. 196 V
049_197_R.tif,197,R,f. 197 R
049_197_V.tif,197,V,f. 197 V
049_198_R.tif,198,R,f. 198 R
049_198_V.tif,198,V,f. 198 V
049_199_R.tif,199,R,f. 199 R
049_199_V.tif,199,V,f. 199 V
049_200_R.tif,200,R,f. 200 R
049_200_V.tif,200,V,f. 200 V
049_201_R.tif,201,R,f. 201 R
049_201_V.tif,201,V,f. 201 V
049_202_R.tif,202,R,f. 202 R
049_202_V.tif,202,V,f. 202 V
049_203_R.tif,203,R,f. 203 R
049_203_V.tif,203,V,f. 203 V
049_204_R.tif,204,R,f. 204 R
049_204_V.tif,204,V,f. 204 V
049_205_R.tif,205,R,f. 205 R
049_205_V.tif,205,V,f. 205 V
049_206_R.tif,206,R,f. 206 R
049_206_V.tif,206,V,f. 206 V
049_207_R.tif,207,R,f. 207 R
049_207_V.tif,207,V,f. 207 V
049_208_R.tif,208,R,f. 208 R
049_208_V.tif,208,V,f. 208 V
049_209_R.tif,209,R,f. 209 R
049_209_V.tif,209,V,f. 209 V
049_210_R.tif,210,R,f. 210 R
049_210_V.tif,210,V,f. 210 V
049_211_R.tif,211,R,f. 211 R
049_211_V.tif,211,V,f. 211 V
049_212_R.tif,212,R,f. 212 R
049_212_V.tif,212,V,f. 212 V
049_213_R.tif,213,R,f. 213 R
049_213_V.tif,213,V,f. 213 V
049_214_R.tif,214,R,f. 214 R
049_214_V.tif,214,V,f. 214 V
049_215_R.tif,215,R,f. 215 R
049_215_V.tif,215,V,f. 215 V
049_216_R.tif,216,R,f. 216 R
049_216_V.tif,216,V,f. 216 V
049_217_R.tif,217,R,f. 217 R
049_217_V.tif,217,V,f. 217 V
049_218_R.tif,218,R,f. 218 R
049_218_V.tif,218,V,f. 218 V
049_219_R.tif,219,R,f. 219 R
049_219_V.tif,219,V,f. 219 V
049_220_R.tif,220,R,f. 220 R
049_220_V.tif,220,V,f. 220 V
049_221_R.tif,221,R,f. 221 R
049_221_V.tif,221,V,f. 221 V
049_222_R.tif,222,R,f. 222 R
049_222_V.tif,222,V,f. 222 V
049_223_R.tif,223,R,f. 223 R
049_223_V.tif,223,V,f. 223 V
049_224_R.tif,224,R,f. 224 R
049_224_V.tif,224,V,f. 224 V
049_225_R.tif,225,R,f. 225 R
049_225_V.tif,225,V,f. 225 V
049_226_R.tif,226,R,f. 226 R
049_226_V.tif,226,V,f. 226 V
049_227_R.tif,227,R,f. 227 R
049_227_V.tif,227,V,f. 227 V
049_228_R.tif,228,R,f. 228 R
049_228_V.tif,228,V,f. 228 V
049_229_R.tif,229,R,f. 229 R
049_229_V.tif,229,V,f. 229 V
049_230_R.tif,230,R,f. 230 R
049_230_V.tif,230,V,f. 230 V
049_231_R.tif,231,R,f. 231 R
049_231_V.tif,231,V,f. 231 V
049_232_R.tif,232,R,f. 232 R
049_232_V.tif,232,V,f. 232 V
049_233_R.tif,233,R,f. 233 R
049_233_V.tif,233,V,f. 233 V
049_234_R.tif,234,R,f. 234 R
049_234_V.tif,234,V,f. 234 V
049_235_R.tif,235,R,f. 235 R
049_235_V.tif,235,V,f. 235 V
049_236_R.tif,236,R,f. 236 R
049_236_V.tif,236,V,f. 236 V
049_237_R.tif,237,R,f. 237 R
049_237_V.tif,237,V,f. 237 V
049_238_R.tif,238,R,f. 238 R
049_238_V.tif,238,V,f. 238 V
049_239_R.tif,239,R,f. 239 R
049_239_V.tif,239,V,f. 239 V
049_240_R.tif,240,R,f. 240 R
049_240_V.tif,240,V,f. 240 V
049_241_R.tif,241,R,f. 241 R
049_241_V.tif,241,V,f. 241 V
049_242_R.tif,242,R,f. 242 R
049_242_V.tif,242,V,f. 242 V
049_243_R.tif,243,R,f. 243 R
049_243_V.tif,243,V,f. 243 V
049_244_R.tif,244,R,f. 244 R
049_244_V.tif,244,V,f. 244 V
049_245_R.tif,245,R,f. 245 R
049_245_V.tif,245,V,f. 245 V
049_246_R.tif,246,R,f. 246 R
049_246_V.tif,246,V,f. 246 V
049_247_R.tif,247,R,f. 247 R
049_247_V.tif,247,V,f. 247 V
049_248_R.tif,248,R,f. 248 R
049_248_V.tif,248,V,f. 248 V
049_249_R.tif,249,R,f. 249 R
049_249_V.tif,249,V,f. 249 V
049_250_R.tif,250,R,f. 250 R
049_250_V.tif,250,V,f. 250 V
049_251_R.tif,251,R,f. 251 R
049_251_V.tif,251,V,f. 251 V
049_252_R.tif,252,R,f. 252 R
049_252_V.tif,252,V,f. 252 V
049_253_R.tif,253,R,f. 253 R
049_253_V.tif,253,V,f. 253 V
049_254_R.tif,254,R,f. 254 R
049_254_V.tif,254,V,f. 254 V
049_255_R.tif,255,R,f. 255 R
049_255_V.tif,255,V,f. 255 V
049_256_R.tif,256,R,f. 256 R
049_256_V.tif,256,V,f. 256 V
049_257_R.tif,257,R,f. 257 R
049_257_V.tif,257,V,f. 257 V
049_258_R.tif,258,R,f. 258 R
049_258_V.tif,258,V,f. 258 V
049_259_R.tif,259,R,f. 259 R
049_259_V.tif,259,V,f. 259 V
049_260_R.tif,260,R,f. 260 R
049_260_V.tif,260,V,f. 260 V
049_261_R.tif,261,R,f. 261 R
049_261_V.tif,261,V,f. 261 V
049_262_R.tif,262,R,f. 262 R
049_262_V.tif,262,V,f. 262 V
049_263_R.tif,263,R,f. 263 R
049_263_V.tif,263,V,f. 263 V
049_264_R.tif,264,R,f. 264 R
049_264_V.tif,264,V,f. 264 V
049_265_R.tif,265,R,f. 265 R
049_265_V.tif,265,V,f. 265 V
049_266_R.tif,266,R,f. 266 R
049_266_V.tif,266,V,f. 266 V
049_267_R.tif,267,R,f. 267 R
049_267_V.tif,267,V,f. 267 V
049_268_R.tif,268,R,f. 268 R
049_268_V.tif,268,V,f. 268 V
049_269_R.tif,269,R,f. 269 R
049_269_V.tif,269,V,f. 269 V
049_270_R.tif,270,R,f. 270 R
049_270_V.tif,270,V,f. 270 V
049_271_R.tif,271,R,f. 271 R
049_271_V.tif,271,V,f. 271 V
049_272_R.tif,272,R,f. 272 R
049_272_V.tif,272,V,f. 272 V
049_273_R.tif,273,R,f. 273 R
049_273_V.tif,273,V,f. 273 V
049_274_R.tif,274,R,f. 274 R
049_274_V.tif,274,V,f. 274 V
049_275_R.tif,275,R,f. 275 R
049_275_V.tif,275,V,f. 275 V
049_276_R.tif,276,R,f. 276 R
049_276_V.tif,276,V,f. 276 V
049_277_R.tif,277,R,f. 277 R
049_277_V.tif,277,V,f. 277 V
049_278_R.tif,278,R,f. 278 R
049_278_V.tif,278,V,f. 278 V
049_279_R.tif,279,R,f. 279 R
049_279_V.tif,279,V,f. 279 V
049_280_R.tif,280,R,f. 280 R
049_280_V.tif,280,V,f. 280 V
049_281_R.tif,281,R,f. 281 R
049_281_V.tif,281,V,f. 281 V
049_282_R.tif,282,R,f. 282 R
049_282_V.tif,282,V,f. 282 V
049_283_R.tif,283,R,f. 283 R
049_283_V.tif,283,V,f. 283 V
049_284_R.tif,284,R,f. 284 R
049_284_V.tif,284,V,f. 284 V
049_285_R.tif,285,R,f. 285 R
049_285_V.tif,285,V,f. 285 V
049_286_R.tif,286,R,f. 286 R
049_286_V.tif,286,V,f. 286 V
049_287_R.tif,287,R,f. 287 R
049_287_V.tif,287,V,f. 287 V
049_288_R.tif,288,R,f. 288 R
049_288_V.tif,288,V,f. 288 V
049_289_R.tif,289,R,f. 289 R
049_289_V.tif,289,V,f. 289 V
049_290_R.tif,290,R,f. 290 R
049_290_V.tif,290,V,f. 290 V
049_291_R.tif,291,R,f. 291 R
049_291_V.tif,291,V,f. 291 V
049_292_R.tif,292,R,f. 292 R
049_292_V.tif,292,V,f. 292 V
049_293_R.tif,293,R,f. 293 R
049_293_V.tif,293,V,f. 293 V
049_294_R.tif,294,R,f. 294 R
049_294_V.tif,294,V,f. 294 V
049_295_R.tif,295,R,f. 295 R
049_295_V.tif,295,V,f. 295 V
049_296_R.tif,296,R,f. 296 R
049_296_V.tif,296,V,f. 296 V
049_297_R.tif,297,R,f. 297 R
049_297_V.tif,297,V,f. 297 V
049_298_R.tif,298,R,f. 298 R
049_298_V.tif,298,V,f. 298 V
049_299_R.tif,299,R,f. 299 R
049_299_V.tif,299,V,f. 299 V
049_300_R.tif,300,R,f. 300 R
049_300_V.tif,300,V,f. 300 V
049_301_R.tif,301,R,f. 301 R
049_301_V.tif,301,V,f. 301 V
049_302_R.tif,302,R,f. 302 R
049_302_V.tif,302,V,f. 302 V
049_303_R.tif,303,R,f. 303 R
049_303_V.tif,303,V,f. 303 V
049_304_R.tif,304,R,f. 304 R
049_304_V.tif,304,V,f. 304 V
049_305_R.tif,305,R,f. 305 R
049_305_V.tif,305,V,f. 305 V
049_306_R.tif,306,R,f. 306 R
049_306_V.tif,306,V,f. 306 V
049_307_R.tif,307,R,f. 307 R
049_307_V.tif,307,V,f. 307 V
049_308_R.tif,308,R,f. 308 R
049_308_V.tif,308,V,f. 308 V
049_309_R.tif,309,R,f. 309 R
049_309_V.tif,309,V,f. 309 V
049_310_R.tif,310,R,f. 310 R
049_310_V.tif,310,V,f. 310 V
049_311_R.tif,311,R,f. 311 R
049_311_V.tif,311,V,f. 311 V
049_312_R.tif,312,R,f. 312 R
049_312_V.tif,312,V,f. 312 V
049_313_R.tif,313,R,f. 313 R
049_313_V.tif,313,V,f. 313 V
049_314_R.tif,314,R,f. 314 R
049_314_V.tif,314,V,f. 314 V
049_315_R.tif,315,R,f. 315 R
049_315_V.tif,315,V,f. 315 V
049_316_R.tif,316,R,f. 316 R
049_316_V.tif,316,V,f. 316 V
049_317_R.tif,317,R,f. 317 R
049_317_V.tif,317,V,f. 317 V
049_318_R.tif,318,R,f. 318 R
049_318_V.tif,318,V,f. 318 V
049_319_R.tif,319,R,f. 319 R
049_319_V.tif,319,V,f. 319 V
049_320_R.tif,320,R,f. 320 R
049_320_V.tif,320,V,f. 320 V
049_321_R.tif,321,R,f. 321 R
049_321_V.tif,321,V,f. 321 V
049_322_R.tif,322,R,f. 322 R
049_322_V.tif,322,V,f. 322 V
049_323_R.tif,323,R,f. 323 R
049_323_V.tif,323,V,f. 323 V
049_324_R.tif,324,R,f. 324 R
049_324_V.tif,324,V,f. 324 V
049_325_R.tif,325,R,f. 325 R
049_325_V.tif,325,V,f. 325 V
049_326_R.tif,326,R,f. 326 R
049_326_V.tif,326,V,f. 326 V
049_327_R.tif,327,R,f. 327 R
049_327_V.tif,327,V,f. 327 V
049_328_R.tif,328,R,f. 328 R
049_328_V.tif,328,V,f. 328 V
049_329_R.tif,329,R,f. 329 R
049_329_V.tif,329,V,f. 329 V
049_330_R.tif,330,R,f. 330 R
049_330_V.tif,330,V,f. 330 V
049_331_R.tif,331,R,f. 331 R
049_331_V.tif,331,V,f. 331 V
049_332_R.tif,332,R,f. 332 R
049_332_V.tif,332,V,f. 332 V
049_333_R.tif,333,R,f. 333 R
049_333_V.tif,333,V,f. 333 V
049_334_R.tif,334,R,f. 334 R
049_334_V.tif,334,V,f. 334 V
049_335_R.tif,335,R,f. 335 R
049_335_V.tif,335,V,f. 335 V
049_336_R.tif,336,R,f. 336 R
049_336_V.tif,336,V,f. 336 V
049_337_R.tif,337,R,f. 337 R
049_337_V.tif,337,V,f. 337 V
049_338_R.tif,338,R,f. 338 R
049_338_V.tif,338,V,f. 338 V
049_339_R.tif,339,R,f. 339 R
049_339_V.tif,339,V,f. 339 V
049_340_R.tif,340,R,f. 340 R
049_340_V.tif,340,V,f. 340 V
049_341_R.tif,341,R,f. 341 R
049_341_V.tif,341,V,f. 341 V
049_342_R.tif,342,R,f. 342 R
049_342_V.tif,342,V,f. 342 V
049_343_R.tif,343,R,f. 343 R
049_343_V.tif,343,V,f. 343 V
049_344_R.tif,344,R,f. 344 R
049_344_V.tif,344,V,f. 344 V
049_345_R.tif,345,R,f. 345 R
049_345_V.tif,345,V,f. 345 V
049_346_R.tif,346,R,f. 346 R
049_346_V.tif,346,V,f. 346 V
049_347_R.tif,347,R,f. 347 R
049_347_V.tif,347,V,f. 347 V
049_348_R.tif,348,R,f. 348 R
049_348_V.tif,348,V,f. 348 V
049_349_R.tif,349,R,f. 349 R
049_349_V.tif,349,V,f. 349 V
049_BKMK2_A.tif,BKMK2_A,,p. BKMK2 A
049_BKMK2_B.tif,BKMK2_B,,p. BKMK2 B
049_BKMK2_C.tif,BKMK2_C,,p. BKMK2 C
049_BKMK2_D.tif,BKMK2_D,,p. BKMK2 D
049_350_R.tif,350,R,f. 350 R
049_350_V.tif,350,V,f. 350 V
049_351_R.tif,351,R,f. 351 R
049_351_V.tif,351,V,f. 351 V
049_352_R.tif,352,R,f. 352 R
049_352_V.tif,352,V,f. 352 V
049_353_R.tif,353,R,f. 353 R
049_353_V.tif,353,V,f. 353 V
049_354_R.tif,354,R,f. 354 R
049_354_V.tif,354,V,f. 354 V
049_355_R.tif,355,R,f. 355 R
049_355_V.tif,355,V,f. 355 V
049_356_R.tif,356,R,f. 356 R
049_356_V.tif,356,V,f. 356 V
049_357_R.tif,357,R,f. 357 R
049_357_V.tif,357,V,f. 357 V
049_358_R.tif,358,R,f. 358 R
049_358_V.tif,358,V,f. 358 V
049_359_R.tif,359,R,f. 359 R
049_359_V.tif,359,V,f. 359 V
049_360_R.tif,360,R,f. 360 R
049_360_V.tif,360,V,f. 360 V
049_361_R.tif,361,R,f. 361 R
049_361_V.tif,361,V,f. 361 V
049_362_R.tif,362,R,f. 362 R
049_362_V.tif,362,V,f. 362 V
049_363_R.tif,363,R,f. 363 R
049_363_V.tif,363,V,f. 363 V
049_364_R.tif,364,R,f. 364 R
049_364_V.tif,364,V,f. 364 V
049_365_R.tif,365,R,f. 365 R
049_365_V.tif,365,V,f. 365 V
049_366_R.tif,366,R,f. 366 R
049_366_V.tif,366,V,f. 366 V
049_367_R.tif,367,R,f. 367 R
049_367_V.tif,367,V,f. 367 V
049_368_R.tif,368,R,f. 368 R
049_368_V.tif,368,V,f. 368 V
049_369_R.tif,369,R,f. 369 R
049_369_V.tif,369,V,f. 369 V
049_370_R.tif,370,R,f. 370 R
049_370_V.tif,370,V,f. 370 V
049_371_R.tif,371,R,f. 371 R
049_371_V.tif,371,V,f. 371 V
049_372_R.tif,372,R,f. 372 R
049_372_V.tif,372,V,f. 372 V
049_373_R.tif,373,R,f. 373 R
049_373_V.tif,373,V,f. 373 V
049_374_R.tif,374,R,f. 374 R
049_374_V.tif,374,V,f. 374 V
049_375_R.tif,375,R,f. 375 R
049_375_V.tif,375,V,f. 375 V
049_376_R.tif,376,R,f. 376 R
049_376_V.tif,376,V,f. 376 V
049_377_R.tif,377,R,f. 377 R
049_377_V.tif,377,V,f. 377 V
049_378_R.tif,378,R,f. 378 R
049_378_V.tif,378,V,f. 378 V
049_379_R.tif,379,R,f. 379 R
049_379_V.tif,379,V,f. 379 V
049_380_R.tif,380,R,f. 380 R
049_380_V.tif,380,V,f. 380 V
049_381_R.tif,381,R,f. 381 R
049_381_V.tif,381,V,f. 381 V
049_382_R.tif,382,R,f. 382 R
049_382_V.tif,382,V,f. 382 V
049_383_R.tif,383,R,f. 383 R
049_383_V.tif,383,V,f. 383 V
049_384_R.tif,384,R,f. 384 R
049_384_V.tif,384,V,f. 384 V
049_385_R.tif,385,R,f. 385 R
049_385_V.tif,385,V,f. 385 V
049_386_R.tif,386,R,f. 386 R
049_386_V.tif,386,V,f. 386 V
049_387_R.tif,387,R,f. 387 R
049_387_V.tif,387,V,f. 387 V
049_388_R.tif,388,R,f. 388 R
049_388_V.tif,388,V,f. 388 V
049_389_R.tif,389,R,f. 389 R
049_389_V.tif,389,V,f. 389 V
049_390_R.tif,390,R,f. 390 R
049_390_V.tif,390,V,f. 390 V
049_391_R.tif,391,R,f. 391 R
049_391_V.tif,391,V,f. 391 V
049_392_R.tif,392,R,f. 392 R
049_392_V.tif,392,V,f. 392 V
049_393_R.tif,393,R,f. 393 R
049_393_V.tif,393,V,f. 393 V
049_394_R.tif,394,R,f. 394 R
049_394_V.tif,394,V,f. 394 V
049_395_R.tif,395,R,f. 395 R
049_395_V.tif,395,V,f. 395 V
049_396_R.tif,396,R,f. 396 R
049_396_V.tif,396,V,f. 396 V
049_397_R.tif,397,R,f. 397 R
049_397_V.tif,397,V,f. 397 V
049_398_R.tif,398,R,f. 398 R
049_398_V.tif,398,V,f. 398 V
049_399_R.tif,399,R,f. 399 R
049_399_V.tif,399,V,f. 399 V
049_400_R.tif,400,R,f. 400 R
049_400_V.tif,400,V,f. 400 V
049_401_R.tif,401,R,f. 401 R
049_401_V.tif,401,V,f. 401 V
049_402_R.tif,402,R,f. 402 R
049_402_V.tif,402,V,f. 402 V
049_403_R.tif,403,R,f. 403 R
049_403_V.tif,403,V,f. 403 V
049_404_R.tif,404,R,f. 404 R
049_404_V.tif,404,V,f. 404 V
049_405_R.tif,405,R,f. 405 R
049_405_V.tif,405,V,f. 405 V
049_406_R.tif,406,R,f. 406 R
049_406_V.tif,406,V,f. 406 V
049_407_R.tif,407,R,f. 407 R
049_407_V.tif,407,V,f. 407 V
049_408_R.tif,408,R,f. 408 R
049_408_V.tif,408,V,f. 408 V
049_409_R.tif,409,R,f. 409 R
049_409_V.tif,409,V,f. 409 V
049_410_R.tif,410,R,f. 410 R
049_410_V.tif,410,V,f. 410 V
049_411_R.tif,411,R,f. 411 R
049_411_V.tif,411,V,f. 411 V
049_412_R.tif,412,R,f. 412 R
049_412_V.tif,412,V,f. 412 V
049_413_R.tif,413,R,f. 413 R
049_413_V.tif,413,V,f. 413 V
049_414_R.tif,414,R,f. 414 R
049_414_V.tif,414,V,f. 414 V
049_415_R.tif,415,R,f. 415 R
049_415_V.tif,415,V,f. 415 V
049_416_R.tif,416,R,f. 416 R
049_416_V.tif,416,V,f. 416 V
049_417_R.tif,417,R,f. 417 R
049_417_V.tif,417,V,f. 417 V
049_418_R.tif,418,R,f. 418 R
049_418_V.tif,418,V,f. 418 V
049_419_R.tif,419,R,f. 419 R
049_419_V.tif,419,V,f. 419 V
049_420_R.tif,420,R,f. 420 R
049_420_V.tif,420,V,f. 420 V
049_421_R.tif,421,R,f. 421 R
049_421_V.tif,421,V,f. 421 V
049_422_R.tif,422,R,f. 422 R
049_422_V.tif,422,V,f. 422 V
049_423_R.tif,423,R,f. 423 R
049_423_V.tif,423,V,f. 423 V
049_424_R.tif,424,R,f. 424 R
049_424_V.tif,424,V,f. 424 V
049_425_R.tif,425,R,f. 425 R
049_425_V.tif,425,V,f. 425 V
049_426_R.tif,426,R,f. 426 R
049_426_V.tif,426,V,f. 426 V
049_427_R.tif,427,R,f. 427 R
049_427_V.tif,427,V,f. 427 V
049_428_R.tif,428,R,f. 428 R
049_428_V.tif,428,V,f. 428 V
049_429_R.tif,429,R,f. 429 R
049_429_V.tif,429,V,f. 429 V
049_430_R.tif,430,R,f. 430 R
049_430_V.tif,430,V,f. 430 V
049_431_R.tif,431,R,f. 431 R
049_431_V.tif,431,V,f. 431 V
049_432_R.tif,432,R,f. 432 R
049_432_V.tif,432,V,f. 432 V
049_433_R.tif,433,R,f. 433 R
049_433_V.tif,433,V,f. 433 V
049_434_R.tif,434,R,f. 434 R
049_434_V.tif,434,V,f. 434 V
049_435_R.tif,435,R,f. 435 R
049_435_V.tif,435,V,f. 435 V
049_436_R.tif,436,R,f. 436 R
049_436_V.tif,436,V,f. 436 V
049_437_R.tif,437,R,f. 437 R
049_437_V.tif,437,V,f. 437 V
049_438_R.tif,438,R,f. 438 R
049_438_V.tif,438,V,f. 438 V
049_439_R.tif,439,R,f. 439 R
049_439_V.tif,439,V,f. 439 V
049_440_R.tif,440,R,f. 440 R
049_440_V.tif,440,V,f. 440 V
049_441_R.tif,441,R,f. 441 R
049_441_V.tif,441,V,f. 441 V
049_442_R.tif,442,R,f. 442 R
049_442_V.tif,442,V,f. 442 V
049_443_R.tif,443,R,f. 443 R
049_443_V.tif,443,V,f. 443 V
049_444_R.tif,444,R,f. 444 R
049_444_V.tif,444,V,f. 444 V
049_v_R.tif,v,R,f. v R
049_v_V.tif,v,V,f. v V
049_vi_R.tif,vi,R,f. vi R
049_vi_V.tif,vi,V,f. vi V
049_vii_R.tif,vii,R,f. vii R
049_vii_V.tif,vii,V,f. vii V
049_viii_R.tif,viii,R,f.viii R
049_viii_V.tif,viii,V,f. viii V
049_c_R.tif,c,R,f. c R
049_c_V.tif,c,V,f. c V
049_d_R.tif,d,R,f. d R
049_d_V.tif,d,V,f. d V
049_bib.tif,bib,,Back inside binding
049_bob.tif,bob,,Back outside binding
